38050.00  0.000000e+00
38200.00  0.000000e+00
38350.00  2.528930e-04
38500.00  2.448230e-04
38650.00  6.543560e-04
38800.00  1.043610e-03
38950.00  2.364950e-03
39100.00  5.190000e-03
39250.00  1.190120e-02
39400.00  2.424730e-02
39550.00  4.772010e-02
39700.00  9.570370e-02
39850.00  2.073330e-01
40000.00  4.280800e-01
40150.00  6.485030e-01
40300.00  7.346210e-01
40450.00  7.259690e-01
40600.00  6.901960e-01
40750.00  6.528640e-01
40900.00  6.254770e-01
41050.00  6.190150e-01
41200.00  6.350050e-01
41350.00  6.733620e-01
41500.00  7.314450e-01
41650.00  7.928250e-01
41800.00  8.436070e-01
41950.00  8.815770e-01
42100.00  9.037820e-01
42250.00  9.120390e-01
42400.00  9.079550e-01
42550.00  8.904770e-01
42700.00  8.724960e-01
42850.00  8.635570e-01
43000.00  8.721540e-01
43150.00  8.915330e-01
43300.00  9.128050e-01
43450.00  9.297540e-01
43600.00  9.388650e-01
43750.00  9.502690e-01
43900.00  9.620720e-01
44050.00  9.772110e-01
44200.00  9.900260e-01
44350.00  9.975660e-01
44500.00  1.000000e+00
44650.00  9.977170e-01
44800.00  9.924550e-01
44950.00  9.824530e-01
45100.00  9.667280e-01
45250.00  9.508470e-01
45400.00  9.379900e-01
45550.00  9.280060e-01
45700.00  9.228620e-01
45850.00  9.147600e-01
46000.00  9.044550e-01
46150.00  8.882430e-01
46300.00  8.668350e-01
46450.00  8.609140e-01
46600.00  8.660290e-01
46750.00  8.776980e-01
46900.00  8.905750e-01
47050.00  9.032180e-01
47200.00  9.063220e-01
47350.00  9.004720e-01
47500.00  8.885570e-01
47650.00  8.722180e-01
47800.00  8.544620e-01
47950.00  8.379660e-01
48100.00  8.261950e-01
48250.00  8.185870e-01
48400.00  8.159800e-01
48550.00  8.151240e-01
48700.00  8.138110e-01
48850.00  8.127390e-01
49000.00  8.137450e-01
49150.00  8.122410e-01
49300.00  7.998350e-01
49450.00  7.635610e-01
49600.00  7.130040e-01
49750.00  6.806860e-01
49900.00  6.896650e-01
50050.00  6.586210e-01
50200.00  4.140790e-01
50350.00  1.402170e-01
50500.00  4.807610e-02
50650.00  0.000000e+00
50800.00  0.000000e+00