29900.00  0.000000e+00
30015.00  0.000000e+00
30130.00  8.844460e-04
30245.00  9.634190e-04
30360.00  8.868620e-04
30475.00  6.943000e-04
30590.00  9.063670e-04
30705.00  1.126310e-03
30820.00  6.050250e-04
30935.00  5.864980e-04
31050.00  1.423260e-03
31165.00  3.898010e-03
31280.00  8.752960e-03
31395.00  2.059960e-02
31510.00  5.449160e-02
31625.00  1.444640e-01
31740.00  3.494500e-01
31855.00  6.058320e-01
31970.00  7.641030e-01
32085.00  7.901150e-01
32200.00  7.593740e-01
32315.00  7.337310e-01
32430.00  7.409670e-01
32545.00  7.782150e-01
32660.00  8.253670e-01
32775.00  8.640170e-01
32890.00  8.802020e-01
33005.00  8.777010e-01
33120.00  8.665440e-01
33235.00  8.565450e-01
33350.00  8.573160e-01
33465.00  8.599780e-01
33580.00  8.576440e-01
33695.00  8.508870e-01
33810.00  8.495690e-01
33925.00  8.651070e-01
34040.00  8.936200e-01
34155.00  9.177570e-01
34270.00  9.251950e-01
34385.00  9.099020e-01
34500.00  8.874280e-01
34615.00  8.760550e-01
34730.00  8.801750e-01
34845.00  9.032120e-01
34960.00  9.321120e-01
35075.00  9.564110e-01
35190.00  9.743400e-01
35305.00  9.807060e-01
35420.00  9.739760e-01
35535.00  9.663880e-01
35650.00  9.592790e-01
35765.00  9.529530e-01
35880.00  9.566180e-01
35995.00  9.646550e-01
36110.00  9.673600e-01
36225.00  9.682860e-01
36340.00  9.592250e-01
36455.00  9.455130e-01
36570.00  9.315840e-01
36685.00  9.236660e-01
36800.00  9.268080e-01
36915.00  9.399480e-01
37030.00  9.576400e-01
37145.00  9.793290e-01
37260.00  9.904380e-01
37375.00  9.985620e-01
37490.00  1.000000e+00
37605.00  9.939500e-01
37720.00  9.840470e-01
37835.00  9.744720e-01
37950.00  9.700340e-01
38065.00  9.671190e-01
38180.00  9.604790e-01
38295.00  9.487420e-01
38410.00  9.320200e-01
38525.00  9.116310e-01
38640.00  9.034640e-01
38755.00  9.179220e-01
38870.00  9.405090e-01
38985.00  9.367260e-01
39100.00  8.412060e-01
39215.00  5.888350e-01
39330.00  3.069250e-01
39445.00  1.258070e-01
39560.00  4.697520e-02
39675.00  1.784600e-02
39790.00  7.646600e-03
39905.00  3.550150e-03
40020.00  1.652190e-03
40135.00  9.192790e-04
40250.00  9.702050e-04
40365.00  1.041590e-03
40480.00  0.000000e+00
40595.00  0.000000e+00